# Searching for station nr 89002 in ghcnm.tavg.v3.qcu v3.3.0.20170102
# NEUMAYER                      (ANTARCTICA)
# coordinates: -70.67N,   -8.25E,      50.0m (prob:    0m)
# WMO station code: 89002 NEUMAYER                      
# tavg [Celsius] daily mean temperature (unadjusted) from GHCN-M v3.3.0.20170102
 1981 -999.9 -999.9  -12.6  -15.9  -19.3  -22.8  -17.2  -20.6  -23.9  -18.6   -9.9   -4.5
 1982   -2.9   -9.2  -15.2  -16.2  -20.9  -28.7  -23.0  -24.9  -20.1  -18.0   -8.0   -4.0
 1983   -4.9   -6.5  -12.0  -16.8  -17.3  -23.3  -27.4  -25.1  -19.8  -16.0  -11.4   -6.2
 1984   -3.9  -11.2  -13.5  -17.9  -18.7  -26.2  -22.8  -28.1  -22.3  -19.2  -10.5   -4.8
 1985   -4.1  -10.0   -9.2  -16.4  -20.4  -20.1  -24.3  -24.8  -21.3  -18.7  -12.9   -5.2
 1986   -4.6   -5.1  -12.8  -15.9  -23.4  -25.4  -26.2  -21.8  -22.1  -19.8   -8.8   -5.7
 1987   -2.9   -8.8  -10.8  -16.3  -22.4  -23.2  -20.3  -26.7  -26.6  -21.5   -8.9   -5.3
 1988   -2.8   -8.2   -8.4  -16.2  -20.3  -15.3  -25.4  -27.0  -25.4  -18.3  -10.1   -4.6
 1989   -3.6   -7.6  -12.4  -14.9  -20.7  -21.8  -29.6 -999.9  -24.0  -20.7   -9.7   -5.5
 1990   -4.2   -9.2  -11.4  -17.5  -19.4  -25.6  -20.2  -26.8  -27.1  -14.0   -8.7   -3.8
 1991   -4.2   -7.0  -15.1  -19.1  -20.1  -17.7  -23.6  -23.7  -23.6  -17.9  -10.4   -3.0
 1992 -999.9 -999.9 -999.9 -999.9 -999.9 -999.9 -999.9 -999.9 -999.9 -999.9 -999.9   -5.6
 1993 -999.9  -10.4 -999.9 -999.9 -999.9 -999.9 -999.9 -999.9 -999.9 -999.9 -999.9 -999.9
 1994 -999.9 -999.9 -999.9 -999.9 -999.9 -999.9 -999.9 -999.9 -999.9 -999.9 -999.9   -4.6
 1995 -999.9 -999.9 -999.9 -999.9 -999.9 -999.9 -999.9  -22.2  -26.7  -15.4 -999.9 -999.9
 1996 -999.9 -999.9 -999.9 -999.9 -999.9 -999.9 -999.9 -999.9 -999.9 -999.9 -999.9   -5.0
 1997   -4.7   -8.9 -999.9 -999.9 -999.9 -999.9 -999.9 -999.9 -999.9 -999.9 -999.9 -999.9
 1998   -4.8   -6.9  -15.1  -19.9  -17.8  -19.5  -24.6  -21.5  -22.9  -19.7  -11.3   -4.2
 1999   -4.2   -7.6  -12.7  -18.9  -25.5  -25.3  -21.0  -19.3 -999.9  -20.0  -10.7 -999.9
 2000   -5.9  -11.2  -15.9  -20.6  -20.2  -23.6  -28.8  -26.3  -24.3  -21.2  -10.1   -5.9
 2001   -5.3   -8.5  -13.7  -16.6  -22.5  -18.6  -22.5  -24.7  -24.3  -14.7  -10.1   -4.3
 2002   -4.0   -9.4  -11.5  -15.5  -17.4  -18.0  -26.7  -24.0  -26.6  -16.8  -13.4   -5.4
 2003   -5.6   -7.7  -13.5  -16.8  -17.7  -21.7  -24.3  -20.8  -26.0  -17.5   -9.0   -4.2
 2004   -2.5   -6.1  -14.5  -19.3  -22.3  -25.9  -29.1  -25.2  -23.7  -17.4  -11.3   -3.8
 2005   -2.6   -8.2  -11.9  -13.7  -22.7  -20.9  -26.5  -26.6  -27.6  -18.0  -12.7   -3.9
 2006   -3.2   -7.8  -14.1  -16.9  -23.0  -25.2  -25.0  -16.0  -21.1  -20.3   -8.5   -6.3
 2007   -4.1  -10.2  -11.0  -22.1  -18.0  -22.4  -24.1  -26.8  -25.5  -16.6   -7.7   -5.4
 2008   -5.8   -9.5  -10.3  -13.9  -22.3  -25.2 -999.9  -27.1  -28.0  -18.0  -10.8   -6.0
 2009   -4.6  -10.3  -14.7  -18.3  -16.1  -19.9  -22.4  -28.4  -23.9  -14.2  -10.1   -4.8
 2010   -2.6   -6.6  -12.1  -16.1  -18.5  -27.6  -29.3  -25.7  -22.5  -18.1  -11.1   -4.6
 2011   -3.3   -5.7  -16.4  -18.6  -19.4  -25.5  -25.1  -22.3  -24.4  -17.8  -10.7   -5.4
 2012   -5.7   -7.2  -13.1  -25.0  -18.1  -21.8  -29.5  -26.2  -20.3  -14.9   -7.1   -3.4
 2013   -3.6   -8.4  -14.7  -17.5  -21.7  -21.0  -24.3  -21.5  -23.4  -19.1   -7.9   -3.5
 2014   -4.0   -9.4  -13.3  -22.0  -20.5  -24.4  -26.3  -23.2  -23.8  -19.3   -8.6   -5.9
 2015   -4.8   -9.1  -14.0  -18.7  -24.0  -23.6  -25.0  -26.6  -23.7  -16.2   -8.7   -5.4
 2016   -5.3   -8.7  -12.8  -16.4  -15.4  -28.9  -25.1  -21.0  -21.8  -15.8   -8.7   -4.1
