# Searching for station nr 87934 in ghcnm.tavg.v3.qcu v3.3.0.20170102
# RIO GRANDE B.                 (ARGENTINA)
# coordinates: -53.80N,  -67.75E,      22.0m (prob:   32m)
# WMO station code: 87934 RIO_GRANDE_B.                 
# tavg [Celsius] daily mean temperature (unadjusted) from GHCN-M v3.3.0.20170102
 1973 -999.9 -999.9 -999.9 -999.9 -999.9 -999.9 -999.9 -999.9 -999.9 -999.9 -999.9   11.0
 1974   10.4   10.5    8.5    6.0    1.0   -0.4   -0.9    0.7    4.0    6.6    8.3    9.8
 1975   11.1    9.4    8.7    5.4    3.5    0.4   -0.8    0.4    3.7    6.0    7.9    8.7
 1976    9.0   10.6    6.2    5.4    3.5   -1.6   -0.1    1.3    3.0    5.6    7.4 -999.9
 1977   10.2    9.9    8.1    5.5    2.8    0.3   -1.0   -0.6    2.2    6.1    8.2   11.5
 1978   11.2   10.7    8.8    6.2    3.1    1.3   -0.4    1.5    3.9    5.9    7.5   10.3
 1979   11.3   11.0    8.8    7.1    2.5    1.2    0.9    0.3    2.8    5.4    7.0   11.1
 1980   10.7    9.8    8.0    3.7    2.2    0.2    0.2    1.6    3.5    6.2    7.1    9.9
 1981   10.9   10.4    7.2    5.4    2.9   -0.2    0.6    1.6    3.2    7.1    8.4   10.3
 1982   12.2   10.9    8.1    6.8    4.3   -0.5   -1.5    0.3    3.1    5.6    7.9   10.0
 1983   11.3    9.2    8.1    6.1    2.8   -0.6    0.5    1.9    3.8    6.6    9.0   10.9
 1984   10.2    9.4    7.8    5.6   -0.8   -1.7   -3.8    0.8    4.0    5.4    9.3   10.1
 1985   12.2   11.2    6.7    4.9    2.0    0.0    1.1    2.5    3.6    6.1    9.4   10.3
 1986   10.9    9.2    7.5    4.1    0.0   -0.6   -0.1    1.9    3.1    6.3    7.5   10.2
 1987   10.5   10.1    8.1    5.4    3.7    1.1   -0.5    0.1    3.1    6.9    9.3   10.2
 1988   10.2   10.8    9.5    5.0    3.4    1.4   -0.1    0.1    4.1    5.2    8.7    9.3
 1989   10.8   11.1    8.3    5.1    2.9    0.0    1.2    1.8    3.0    7.1    8.8   10.1
 1990   10.3   11.6    8.7    4.0    4.1    0.8    0.9    1.3    3.4    6.4    7.4    9.2
 1991 -999.9 -999.9    7.9    5.8    3.5 -999.9 -999.9 -999.9    3.3 -999.9 -999.9 -999.9
 1992 -999.9 -999.9 -999.9    6.0    2.1 -999.9 -999.9 -999.9    3.4    4.7 -999.9 -999.9
 1993 -999.9 -999.9    9.0 -999.9 -999.9 -999.9 -999.9    3.1 -999.9 -999.9 -999.9    9.9
 1994 -999.9   10.0 -999.9 -999.9 -999.9 -999.9   -0.4 -999.9 -999.9    5.4 -999.9 -999.9
 1995 -999.9   10.4 -999.9    6.3 -999.9 -999.9 -999.9 -999.9 -999.9 -999.9 -999.9   10.4
 1996    9.4    9.3    8.1    4.6 -999.9    0.6 -999.9    2.1    4.6    5.5    8.2   10.1
 1997   10.5 -999.9    8.7    4.9    1.1 -999.9   -1.5 -999.9 -999.9    6.0    8.6 -999.9
 1998   10.9   11.6    9.2    6.8 -999.9 -999.9 -999.9 -999.9 -999.9 -999.9 -999.9 -999.9
 1999 -999.9 -999.9 -999.9 -999.9 -999.9 -999.9 -999.9 -999.9 -999.9 -999.9 -999.9 -999.9
 2000 -999.9 -999.9 -999.9 -999.9 -999.9 -999.9 -999.9 -999.9 -999.9 -999.9 -999.9 -999.9
 2001 -999.9 -999.9 -999.9 -999.9 -999.9 -999.9 -999.9 -999.9 -999.9 -999.9 -999.9 -999.9
 2002 -999.9 -999.9 -999.9 -999.9 -999.9 -999.9 -999.9 -999.9 -999.9 -999.9 -999.9 -999.9
 2003 -999.9 -999.9 -999.9 -999.9 -999.9 -999.9 -999.9 -999.9 -999.9 -999.9 -999.9 -999.9
 2004 -999.9 -999.9 -999.9 -999.9 -999.9 -999.9 -999.9 -999.9 -999.9 -999.9 -999.9 -999.9
 2005 -999.9 -999.9 -999.9 -999.9 -999.9 -999.9 -999.9 -999.9 -999.9 -999.9 -999.9 -999.9
 2006 -999.9 -999.9 -999.9 -999.9 -999.9    0.7 -999.9 -999.9 -999.9 -999.9 -999.9 -999.9
 2007 -999.9 -999.9 -999.9 -999.9    1.4 -999.9   -1.0 -999.9 -999.9    5.5 -999.9 -999.9
 2008   11.1 -999.9 -999.9 -999.9 -999.9 -999.9 -999.9 -999.9 -999.9 -999.9 -999.9 -999.9
 2009 -999.9 -999.9    8.6 -999.9 -999.9 -999.9 -999.9 -999.9 -999.9 -999.9 -999.9 -999.9
