# Searching for station nr 87903 in ghcnm.tavg.v3.qcu v3.3.0.20170102
# LAGO ARGENTIN                 (ARGENTINA)
# coordinates: -50.33N,  -72.30E,     220.0m (prob:  224m)
# WMO station code: 87903 LAGO                          
# tavg [Celsius] daily mean temperature (unadjusted) from GHCN-M v3.3.0.20170102
 1961 -999.9 -999.9 -999.9    6.2    4.8    0.0   -1.8    2.3    4.6    7.9   10.4   11.4
 1962   13.3   14.5   11.6    7.7    5.1    1.9    3.3    2.4    6.2   10.0   10.9   12.2
 1963   12.0   14.8    9.5    5.7    3.9    1.8    1.3    1.7    3.5    8.7   10.3   12.6
 1964   14.0   11.8   10.1    7.3 -999.9   -0.1    1.1    2.2    3.7    9.2   11.2   13.0
 1965   12.5   11.5   11.8    6.3    2.7    1.5   -1.7    2.0    5.1    7.8   10.6   11.6
 1966   13.8   11.6   11.0    8.8    5.1    1.3   -1.4    3.6    5.2    6.8   12.0   12.5
 1967   12.0   12.4   11.3    8.8    3.0    2.8    1.0    1.9    6.0    8.1   11.2   12.5
 1968   14.1   12.0   11.1    8.6    7.4    3.6    2.7    4.5    5.2    7.3   11.0   11.8
 1969   13.6   13.0   11.0    7.7    3.1    2.5   -0.1    4.0    4.6    7.3   10.8   13.3
 1970   14.2   13.7   10.3    7.7    4.0    1.9    1.8    1.7    5.6    8.6   11.3   10.5
 1971   10.2   11.6   10.1    7.4    3.4    0.7    0.7    3.1    5.9    8.7    9.2    8.5
 1972   12.7 -999.9 -999.9 -999.9 -999.9    1.0    1.2    3.8    4.9    6.7   12.4   12.9
 1973   11.2   13.1   10.7    6.9    3.8    1.1   -1.9    3.8    5.8    8.9   10.9   12.1
 1974   12.1   12.4   11.3    8.3    2.8    1.6    1.7    2.9    5.7    8.6   10.0   12.7
 1975 -999.9   12.1   11.3    7.7    4.4    1.0    1.6    3.1    4.7    8.5   10.0   10.2
 1976   10.6   13.9    9.0 -999.9 -999.9    0.6    1.8    3.3    5.9    7.9    9.5   10.2
 1977   12.4   12.5   11.5    7.2    4.6    2.2   -1.9    4.4    5.4    7.9    9.7 -999.9
 1978 -999.9   15.3   11.8    8.8    3.8    2.6    0.9    3.9    6.3    7.4   10.4   12.4
 1979   15.2   13.9   11.2    9.4    4.1    3.2    1.7    2.0    4.6    7.1    9.8   13.6
 1980   13.9 -999.9   10.5 -999.9    3.9    2.4   -0.6    2.1    6.7 -999.9 -999.9   11.5
 1981   13.5   12.7    9.9    7.1    3.0    0.6    2.7    3.9    4.9    9.2   10.3   13.1
 1982   15.0   12.9   10.8    8.4    5.1   -0.6   -2.3    1.5    3.5    6.8   10.9   12.3
 1983   13.7   12.7   11.4    8.3    4.5    2.6    2.4    3.6    5.2    9.0   11.6   14.2
 1984   13.0 -999.9   10.5    7.8    1.0   -1.2   -2.3    1.7    6.4    8.5   12.0 -999.9
 1985 -999.9   13.7 -999.9 -999.9    3.4    0.9    1.9    4.0    5.6    8.3   12.9   13.4
 1986   14.5   10.8    9.8    6.3    3.4    1.6    2.1    4.0    5.4    9.2   10.1   12.5
 1987   12.9   12.8   11.4    9.4    5.1    2.9    1.4    1.2    4.6    8.9   11.8   12.3
 1988   14.3   13.9   11.4    7.0    6.0 -999.9    2.3    1.7 -999.9    6.9 -999.9   10.9
 1989   14.0   13.9 -999.9    7.1    5.4    1.1 -999.9    1.4    5.4 -999.9   11.6 -999.9
 1990 -999.9   15.7   11.4 -999.9    4.6    2.9 -999.9 -999.9    5.1    8.7    9.5   12.6
 1991 -999.9   13.1   10.8    7.8    5.0    0.9 -999.9 -999.9    4.4    8.3 -999.9 -999.9
 1992 -999.9 -999.9 -999.9 -999.9 -999.9    2.2 -999.9    2.5 -999.9 -999.9   11.6 -999.9
 1993   13.1 -999.9   12.8    6.2 -999.9   -0.7 -999.9    4.8    7.1 -999.9 -999.9 -999.9
 1994 -999.9   12.1 -999.9 -999.9    3.7 -999.9   -0.8    4.3 -999.9    8.0 -999.9   13.0
 1995 -999.9   13.4 -999.9    8.4    4.0   -0.1 -999.9 -999.9    5.3 -999.9 -999.9 -999.9
 1996 -999.9 -999.9 -999.9 -999.9 -999.9    2.4 -999.9 -999.9    7.2 -999.9    9.9   12.7
 1997   12.5   11.6   11.8    7.1    2.8    0.8 -999.9 -999.9    4.7    7.6   10.6   10.1
 1998   13.0   15.2   10.9    7.8    3.4    2.3    4.3    4.5 -999.9    8.5 -999.9 -999.9
 1999   14.7   13.0   10.8    7.8 -999.9    1.0    1.2    3.2    4.8    9.8   12.6 -999.9
 2000   13.7   12.6   10.5    8.3    4.5    0.8   -0.2    2.1    1.3    7.8 -999.9 -999.9
