# Searching for station nr 89034 in ghcnm.tavg.v3.qcu v3.3.0.20170102
# BASE BELGRANO                 (ANTARCTICA)
# coordinates: -77.87N,  -34.62E,     256.0m (prob:    0m)
# WMO station code: 89034 BASE_BELGRANO                 
# tavg [Celsius] daily mean temperature (unadjusted) from GHCN-M v3.3.0.20170102
 1980 -999.9 -999.9 -999.9  -16.3  -22.3  -17.9  -22.9  -20.2 -999.9  -16.4   -7.2   -4.8
 1981 -999.9 -999.9 -999.9 -999.9  -18.4  -19.8  -17.6  -17.0  -19.7  -16.4   -8.2   -4.2
 1982   -3.2   -8.0  -14.4  -14.3  -19.2  -21.2  -19.9  -20.9  -16.3  -13.6   -6.7   -2.4
 1983   -3.9   -6.3  -13.6  -15.5  -15.8  -21.3  -23.4  -18.7  -18.8  -16.1 -999.9   -4.4
 1984   -1.4   -5.3  -13.3  -15.5  -14.8  -22.9  -18.1  -17.8  -17.7  -18.5   -9.9   -3.0
 1985   -3.0   -8.7  -11.8  -17.9  -19.0  -19.4  -18.3  -19.7  -19.7  -16.5  -12.4   -3.2
 1986   -2.3   -4.6   -9.9  -16.5  -21.5  -20.7  -19.3  -19.5  -22.1  -19.2   -9.2   -4.5
 1987   -1.9   -6.4  -12.1  -14.7  -21.6  -18.5  -18.6  -24.4  -17.5  -15.0   -6.4   -2.1
 1988   -1.1   -7.4  -10.0  -15.6  -17.3  -17.7  -21.5  -19.5  -18.9  -16.0   -9.1   -3.2
 1989   -2.4   -7.4   -8.3  -18.4  -19.2  -17.0  -19.6  -21.0  -17.5  -15.1   -7.9   -5.1
 1990   -2.8   -8.3   -9.3  -18.1  -19.3  -15.5  -19.3  -18.5  -19.8  -14.3   -5.8   -3.3
 1991   -3.6   -6.4  -13.8  -17.3  -19.4  -17.2  -19.7  -20.0  -15.6  -15.4   -6.8   -3.2
 1992 -999.9 -999.9 -999.9 -999.9 -999.9 -999.9 -999.9 -999.9 -999.9  -10.8 -999.9 -999.9
 1993   -4.8 -999.9 -999.9 -999.9 -999.9 -999.9 -999.9 -999.9 -999.9 -999.9 -999.9 -999.9
 1994 -999.9 -999.9 -999.9  -17.8 -999.9 -999.9  -25.3  -21.5  -18.1  -16.7   -7.4 -999.9
 1995 -999.9 -999.9  -10.0 -999.9 -999.9  -16.1 -999.9 -999.9  -21.2  -12.7   -8.9   -1.8
 1996   -1.8   -4.1  -10.2  -16.6  -17.0  -19.7  -19.0  -14.7  -20.9  -12.2   -6.0   -1.4
 1997   -1.8  -11.6  -14.0  -16.9  -19.1  -22.6  -21.3  -20.7  -20.0  -17.3   -6.1 -999.9
 1998   -2.2   -5.9  -13.1  -18.8  -19.4  -18.1  -18.1  -19.1  -18.2  -15.1   -7.2   -1.5
 1999   -1.8   -6.2 -999.9  -15.5 -999.9 -999.9 -999.9 -999.9  -17.9  -17.0   -8.8   -5.1
 2000 -999.9   -8.6 -999.9  -16.2  -18.9  -18.1  -21.5  -22.0  -17.8  -15.8 -999.9   -3.0
 2001   -2.7   -5.9  -13.3  -17.5  -16.0  -17.1  -20.1  -20.1  -16.8  -14.4   -6.3   -2.2
 2002   -1.9 -999.9 -999.9 -999.9 -999.9 -999.9 -999.9 -999.9 -999.9 -999.9 -999.9 -999.9
 2003 -999.9 -999.9 -999.9  -16.9  -15.4 -999.9  -23.4  -19.1  -16.4  -12.5   -8.3   -1.2
 2004   -2.7   -6.7 -999.9  -19.5 -999.9  -22.3  -24.3  -24.1  -13.0  -13.0   -7.4   -2.2
 2005   -1.0   -4.7   -9.9  -14.0  -22.4  -20.4  -22.6  -17.4  -18.9  -13.7   -9.8   -0.6
 2006   -1.6   -8.1   -7.1  -16.8  -17.6  -20.4  -19.4  -19.8  -20.0  -15.3   -4.9   -2.1
 2007   -0.2   -6.4  -10.8  -21.7  -16.9  -20.3  -19.2  -19.2  -20.0  -15.6   -8.1   -2.2
 2008   -2.0   -7.5   -9.5 -999.9 -999.9  -21.3  -17.5  -18.3  -16.6  -16.0   -8.1   -4.0
 2009   -2.9   -8.2  -13.0  -16.5  -17.7  -16.9  -21.9  -23.3  -18.0  -11.3   -6.3   -3.5
 2010   -1.3   -6.0  -11.8  -15.2  -16.4  -17.2  -20.3  -18.9  -15.6  -11.7   -6.4   -1.6
 2011   -3.5   -4.0  -14.4  -14.1  -17.0  -21.0  -22.1  -19.6  -22.3  -15.4   -7.6   -5.2
 2012   -4.1   -5.0  -11.4  -19.5  -18.4  -16.3  -23.6  -21.7  -17.6  -12.2   -6.4   -3.0
 2013   -2.0   -6.3  -13.0  -14.2  -21.8  -13.5  -19.5  -18.2  -15.8  -15.9   -6.6   -2.9
 2014   -3.9   -8.9  -14.6  -15.0  -16.7  -21.0  -21.1  -24.5  -18.2  -14.0   -5.3   -2.4
 2015   -1.6   -6.6  -13.7  -14.7  -16.5  -20.5  -19.2  -22.1  -20.5  -13.7   -6.5   -1.8
 2016   -3.3   -6.3  -12.7  -14.0  -17.6  -20.0  -18.8  -18.8  -17.5  -13.6   -5.5 -999.9
