# Searching for station nr 89066 in ghcnm.tavg.v3.qcu v3.3.0.20170102
# BASE SAN MART                 (ANTARCTICA)
# coordinates: -68.13N,  -67.13E,       4.0m (prob:  233m)
# WMO station code: 89066 BASE_SAN_MART                 
# tavg [Celsius] daily mean temperature (unadjusted) from GHCN-M v3.3.0.20170102
 1976 -999.9 -999.9   -0.3   -1.9   -7.4  -10.4  -15.2  -16.2   -9.8   -5.9    0.1    0.9
 1977    1.8   -0.5   -1.3   -2.3   -8.4  -10.2  -15.7  -12.0  -17.8   -9.7   -2.2   -0.2
 1978    0.1   -1.0   -3.8   -5.9   -9.7  -10.0  -23.0  -16.9  -11.1   -8.5 -999.9 -999.9
 1979   -0.1   -0.4   -3.0   -6.0  -13.0  -13.7  -11.9  -12.5   -8.3   -8.2   -2.6    0.1
 1980    0.3    0.3   -5.4  -10.8  -13.3  -16.5 -999.9 -999.9  -10.8 -999.9 -999.9    0.6
 1981    0.8   -1.3   -1.5   -4.5  -10.2  -10.5   -9.6  -12.4  -11.6   -8.2   -3.9    0.3
 1982    1.6    0.0   -1.3   -4.2   -5.8  -18.0  -14.7  -10.8   -9.9   -5.0    1.3 -999.9
 1983    2.1 -999.9   -2.6   -2.1   -3.4   -5.2   -6.0   -9.3  -11.2   -7.3   -1.7    0.6
 1984    0.7    1.0    0.4   -3.8   -6.2  -13.4  -10.7   -9.1   -5.2   -8.8   -3.3    1.5
 1985    2.7    0.6   -1.4   -2.6   -5.1   -8.3  -12.3  -10.5   -5.9   -4.3   -0.6    0.0
 1986    0.6    1.2   -1.5   -2.7  -10.6   -9.7  -12.1  -14.0  -12.6   -6.4   -4.0   -0.1
 1987    1.9    0.2   -2.3   -5.6   -4.9  -12.8 -999.9  -12.6  -16.0 -999.9   -2.1    0.2
 1988 -999.9    0.5 -999.9   -3.6   -4.1   -8.5 -999.9  -15.0 -999.9   -4.4   -2.0    1.3
 1989 -999.9    2.2    0.2   -5.0   -2.5   -6.4   -3.3   -7.0   -6.1   -4.8   -2.0 -999.9
 1990    2.0    1.8 -999.9   -6.8   -7.7 -999.9 -999.9 -999.9 -999.9 -999.9 -999.9   -0.9
 1991 -999.9   -0.6   -2.2 -999.9 -999.9 -999.9 -999.9 -999.9 -999.9 -999.9 -999.9 -999.9
 1992 -999.9 -999.9 -999.9 -999.9 -999.9 -999.9 -999.9 -999.9 -999.9 -999.9 -999.9 -999.9
 1993 -999.9 -999.9 -999.9 -999.9 -999.9 -999.9 -999.9 -999.9 -999.9 -999.9 -999.9 -999.9
 1994 -999.9 -999.9   -1.1   -3.1   -6.0  -12.8  -17.8  -10.5    9.7  -11.8 -999.9 -999.9
 1995 -999.9 -999.9   -1.6 -999.9   -4.6  -12.0 -999.9  -15.1  -10.3   -3.7   -3.4    0.7
 1996    2.1    0.9   -1.0   -2.3   -4.4   -7.9  -12.5    0.0   -5.2   -5.0   -1.8    1.1
 1997    3.1    0.8   -3.0   -2.7   -3.6  -10.7  -17.4  -11.0   -1.3   -6.5   -2.9 -999.9
 1998    2.1 -999.9 -999.9   -0.2   -5.2   -5.6   -6.4   -6.9   -7.2   -4.5   -2.1    1.3
 1999    2.7    1.6 -999.9   -0.8 -999.9 -999.9 -999.9 -999.9  -11.6   -3.2   -0.6    0.6
 2000 -999.9    0.8   -0.9 -999.9   -3.8   -6.9 -999.9  -12.7  -13.2   -4.7   -2.1    0.1
 2001    2.8    1.8   -1.1   -3.8   -0.6   -6.3  -14.0  -10.3   -6.5  -10.3   -1.4    0.9
 2002    2.2    1.3   -3.0 -999.9  -10.7 -999.9  -14.6  -13.9   -7.6 -999.9   -1.4    2.4
 2003    4.0    2.0   -4.0   -0.4 -999.9   -9.2   -5.2   -5.9   -7.6   -6.6   -1.0    0.5
 2004    3.3    1.8   -0.3   -1.8   -3.9 -999.9   -9.4  -12.2  -11.1   -6.0 -999.9    1.9
 2005    2.1    1.2   -1.7 -999.9   -6.2  -13.9  -12.3  -10.6   -7.8   -3.4   -0.5   -1.0
 2006    0.7    1.5    0.3   -2.4   -4.1   -8.5   -9.8  -16.1  -10.9   -2.1   -2.1    2.1
 2007    2.2    0.7   -1.7   -4.8   -3.9   -6.5  -12.5   -8.3   -5.3   -5.7   -2.0    1.2
 2008    2.4 -999.9    0.6   -2.7   -3.2   -3.8  -10.1  -12.6   -1.5   -3.5   -0.9    0.1
 2009    2.5    1.5    0.6   -5.2   -3.2   -7.3  -14.3   -8.3   -8.2   -5.5   -1.9    1.9
 2010    2.6    1.8   -1.8   -3.5   -3.6   -3.5   -9.7   -9.9   -3.8   -1.0    0.8    1.3
 2011    2.2    2.4    0.5   -4.4   -3.0   -6.8  -11.4   -9.7  -10.7   -6.2   -1.5    2.0
 2012    1.1   -0.1   -0.8   -3.1   -2.3  -10.1   -7.7   -6.5   -6.2   -8.2   -3.7    0.5
 2013    2.4    2.0    0.9   -0.5   -4.9   -8.5  -10.4  -10.5  -10.0   -5.9   -3.8   -0.6
 2014    1.6    0.2   -1.8   -1.0   -3.1   -5.4   -8.4  -12.4   -8.7   -6.0   -3.3   -0.3
 2015    0.9    0.5   -1.0   -1.8   -6.7  -13.5  -15.6  -12.8  -14.0   -3.7   -3.3   -0.3
 2016    0.2    0.5   -0.9   -6.6   -3.8   -4.9  -13.6  -17.5   -4.3   -1.9   -2.1 -999.9
