# Searching for station nr 89062 in ghcnm.tavg.v3.qcu v3.3.0.20170102
# ROTHERA POINT                 (ANTARCTICA)
# coordinates: -67.57N,  -68.13E,      16.0m (prob:   12m)
# WMO station code: 89062 ROTHERA_POINT                 
# tavg [Celsius] daily mean temperature (unadjusted) from GHCN-M v3.3.0.20170102
 1946 -999.9 -999.9 -999.9   -2.6   -4.1   -4.9   -9.1  -15.6   -9.7  -10.3   -4.0    0.3
 1947    0.9    2.0    0.9   -3.7   -8.9  -16.3   -7.7  -10.4  -10.2   -5.8   -2.6   -0.2
 1948    1.3   -1.4   -3.4   -6.3  -11.4   -8.2  -14.2  -11.7  -13.3   -6.6   -5.8    0.8
 1949    1.3   -1.6 -999.9  -11.8  -11.6  -15.6  -11.9  -15.2  -10.9   -6.8   -5.2    0.1
 1950    0.8 -999.9 -999.9 -999.9 -999.9 -999.9 -999.9 -999.9 -999.9 -999.9 -999.9 -999.9
 1951 -999.9 -999.9 -999.9   -0.8   -5.9  -13.0  -16.6  -10.0  -14.8   -5.4   -1.8    1.3
 1952    1.5    0.0 -999.9 -999.9 -999.9 -999.9 -999.9 -999.9 -999.9 -999.9 -999.9 -999.9
 1953 -999.9 -999.9 -999.9 -999.9 -999.9 -999.9 -999.9 -999.9 -999.9 -999.9 -999.9 -999.9
 1954 -999.9 -999.9 -999.9 -999.9 -999.9 -999.9 -999.9 -999.9 -999.9 -999.9 -999.9 -999.9
 1955 -999.9 -999.9   -1.1   -3.5   -5.8  -12.9   -9.6  -10.2   -7.6   -5.5   -4.8   -0.3
 1956    1.7   -0.2   -2.1   -1.5   -1.7   -4.3   -9.4   -5.6   -7.8   -3.9   -1.7   -0.2
 1957    1.7    0.5   -2.3   -2.7   -8.4  -19.9  -17.8  -15.6   -6.0  -10.9   -1.7   -1.2
 1958    0.7   -0.5   -3.8   -6.3  -13.6  -18.0  -17.7  -19.6  -14.9   -6.2   -0.8   -1.4
 1959   -1.3   -4.3   -2.5 -999.9  -15.7   -7.9  -23.1  -13.6  -12.3   -4.9   -5.3    0.3
 1960 -999.9 -999.9 -999.9 -999.9 -999.9 -999.9 -999.9 -999.9 -999.9 -999.9 -999.9 -999.9
 1961 -999.9 -999.9 -999.9 -999.9 -999.9 -999.9 -999.9 -999.9 -999.9 -999.9 -999.9 -999.9
 1962 -999.9 -999.9 -999.9 -999.9   -3.2   -9.0  -10.2   -9.3   -9.2   -3.7   -3.2   -0.3
 1963    0.1    0.3   -3.7   -7.4   -5.6   -7.7  -10.2  -19.1  -10.5   -8.7   -2.5    0.7
 1964    1.0    0.0   -2.3   -7.7   -9.5  -11.6   -6.0  -20.1   -9.6   -3.1   -1.1    0.0
 1965    0.9    0.6    1.1   -3.3   -4.0   -7.5  -13.1  -12.1   -5.9   -8.8   -2.0   -0.8
 1966    0.2   -0.4   -1.8   -5.9   -6.1   -8.7  -16.0  -12.0  -10.3   -6.7   -2.1   -0.6
 1967    0.0 -999.9   -1.5   -2.9   -8.7   -8.0   -8.2   -8.5   -9.9   -7.5   -3.8   -0.1
 1968    0.0   -0.7   -1.5   -1.6   -5.4 -999.9   -8.1  -13.1  -12.4   -5.4   -3.2   -0.1
 1969    0.2   -0.9   -4.9   -6.4  -12.3  -18.4  -15.5  -10.7   -6.1   -9.0   -3.5    0.6
 1970   -0.2   -0.8   -2.2 -999.9   -8.8   -8.8   -5.3  -11.0   -3.8   -2.4   -0.6    0.8
 1971    1.5    0.5   -0.5   -1.9   -5.2   -3.1   -5.8   -6.8   -5.6   -2.6   -1.4    0.7
 1972    2.0    1.1   -0.5   -2.7   -3.8   -6.9   -5.3  -10.6   -5.9   -3.9   -2.4    0.6
 1973   -0.8   -0.2   -2.1   -6.6   -8.4  -10.1   -8.7   -6.5   -7.0   -4.1   -1.4    0.3
 1974    1.0    1.3    0.5   -3.8   -5.1   -3.5   -8.1   -7.7   -9.2   -2.8   -1.1    1.0
 1975    1.3    1.0   -1.1   -2.5   -5.7   -9.1  -15.4  -11.3   -7.2   -5.3   -3.8    0.2
 1976 -999.9 -999.9 -999.9 -999.9 -999.9 -999.9 -999.9 -999.9 -999.9 -999.9 -999.9 -999.9
 1977    0.9   -0.6   -1.8   -2.0   -7.1  -10.3  -16.8  -12.5  -17.7  -12.1   -2.7    0.1
 1978    0.1   -1.0   -3.0   -5.1   -6.5   -8.7  -19.5  -14.7   -7.7   -7.3   -4.4   -0.9
 1979    0.9   -0.3   -0.6   -3.5   -9.9  -11.1  -12.2  -12.7   -8.3   -7.5   -2.3    0.3
 1980    0.6    0.8   -4.2  -10.6  -11.5  -15.0  -20.6  -17.8  -11.3   -7.7   -6.5    0.0
 1981 -999.9    0.6   -1.3   -1.6   -3.6   -8.9   -9.4   -9.7  -12.8  -10.0 -999.9 -999.9
 1982    1.2    0.1   -1.5   -3.5   -2.8   -4.4  -15.1  -14.3  -10.8   -9.7   -5.1    0.4
 1983    0.4    1.6    0.2   -1.6   -1.4   -2.5   -4.6   -5.0   -7.1   -8.5   -6.0   -1.3
 1984    1.1    1.1    0.7   -2.7   -5.4  -10.0   -8.6   -6.9   -3.8   -6.2   -2.3    1.1
 1985    1.9    0.8   -0.9   -2.2   -4.3   -5.7   -8.7   -7.3   -4.9   -3.5   -0.1    0.2
 1986    1.1    1.4   -1.1   -2.3   -9.3   -8.5   -9.9  -12.1  -10.8   -5.1   -3.5   -0.1
 1987    1.8    0.7   -2.1   -4.5   -4.3  -10.9  -20.5  -11.4  -16.1   -5.8   -2.1    0.0
 1988    1.1    0.4   -1.4   -2.9   -3.7   -7.1   -7.8  -12.3   -6.0   -3.9   -1.7    0.9
 1989    2.0    2.0    0.3   -4.0   -2.7   -5.2   -2.7   -4.0   -4.8   -3.3   -0.7    1.2
 1990    2.5    2.7   -1.1   -4.0   -4.8   -6.0   -5.1  -10.7   -7.9   -5.3   -4.1    0.1
 1991    1.0    0.6   -1.9   -2.8   -8.0  -13.9  -10.1  -10.1   -6.4   -7.0   -2.6    0.7
 1992 -999.9 -999.9 -999.9   -3.2 -999.9 -999.9 -999.9 -999.9 -999.9 -999.9 -999.9 -999.9
 1993 -999.9 -999.9 -999.9 -999.9 -999.9 -999.9 -999.9 -999.9 -999.9 -999.9 -999.9 -999.9
 1994 -999.9 -999.9 -999.9 -999.9 -999.9  -10.4 -999.9 -999.9 -999.9 -999.9   -0.3 -999.9
 1995 -999.9 -999.9 -999.9 -999.9 -999.9 -999.9 -999.9 -999.9 -999.9 -999.9 -999.9 -999.9
 1996 -999.9 -999.9 -999.9 -999.9 -999.9   -7.0 -999.9 -999.9 -999.9 -999.9 -999.9 -999.9
 1997 -999.9 -999.9 -999.9   -2.6 -999.9 -999.9  -15.3 -999.9 -999.9 -999.9 -999.9 -999.9
 1998 -999.9 -999.9 -999.9 -999.9 -999.9 -999.9 -999.9 -999.9 -999.9 -999.9 -999.9 -999.9
 1999 -999.9 -999.9 -999.9 -999.9 -999.9 -999.9 -999.9 -999.9 -999.9 -999.9 -999.9 -999.9
 2000 -999.9 -999.9 -999.9 -999.9   -3.5   -5.6   -5.5  -10.7  -11.7   -4.4   -1.4    0.5
 2001    2.4    1.7   -0.2   -3.2   -1.1   -5.6  -11.9   -8.5   -5.1   -3.2   -1.8    0.0
 2002    1.6    1.2   -2.6 -999.9  -10.3  -17.0  -12.0  -12.2 -999.9 -999.9 -999.9    1.1
 2003    2.4    0.9   -0.4   -2.4   -5.5   -9.5   -6.0   -6.9   -8.0   -6.7 -999.9   -0.9
 2004 -999.9    1.0   -0.7   -2.0   -3.8   -7.2   -8.2  -10.7  -10.3   -5.5   -1.0    0.5
 2005    0.8    0.4   -2.1   -3.9   -5.0  -11.8  -11.0  -10.0   -6.8   -3.2   -1.1   -1.2
 2006    0.9    1.4   -0.2   -2.2   -3.9   -7.6   -8.6  -13.3  -11.3   -2.5   -2.7    1.0
 2007    1.9    0.7   -1.6   -4.0   -3.2   -5.9  -11.6   -7.1   -4.6   -5.8   -2.7    0.0
 2008    1.7    1.0   -0.8   -2.5   -2.8   -3.5   -8.2  -10.8   -1.9   -2.8   -1.3   -0.4
 2009    1.7    0.9    0.6   -4.8   -3.1   -6.2  -11.2   -8.0   -7.4   -6.0   -3.1    0.6
 2010    1.3    1.4   -1.6   -3.3   -3.7   -3.9   -7.8   -8.1   -4.1   -1.9   -0.8    0.1
 2011    1.1    1.4    0.1   -4.1   -3.1   -7.2   -9.9   -8.6   -9.1   -5.0   -2.1    1.0
 2012    0.6   -0.6   -0.9   -2.3   -2.6   -9.7   -7.4   -5.9   -5.5   -7.0   -4.0    0.0
 2013    1.8    1.1    0.4   -1.6   -4.9   -8.3   -9.6   -9.5   -9.4   -5.8   -4.4   -1.7
 2014    0.7   -0.6   -2.1   -1.4   -3.5   -5.6   -6.8   -8.5   -6.6   -5.5   -3.9   -0.9
 2015    0.6    0.3   -1.1   -2.1   -5.9  -12.3  -14.8  -11.8  -13.3   -3.9   -3.2   -0.6
 2016    0.2    0.3   -1.1   -5.6   -2.6   -3.2  -10.4  -13.7   -4.5   -2.5   -3.1 -999.9
