# Searching for station nr 89055 in ghcnm.tavg.v3.qcu v3.3.0.20170102
# CMS"VICE.DO.M                 (ANTARCTICA)
# coordinates: -64.23N,  -56.72E,    -999.0m (prob:    0m)
# WMO station code: 89055 CMS"VICE.DO.M                 
# tavg [Celsius] daily mean temperature (unadjusted) from GHCN-M v3.3.0.20170102
 1970 -999.9 -999.9 -999.9 -999.9 -999.9 -999.9 -999.9 -999.9   -8.6   -5.9   -3.3   -1.6
 1971   -2.1   -5.1   -7.1  -12.8  -17.2   -9.7  -12.4  -15.3  -13.3   -6.6   -4.5   -3.6
 1972   -2.4   -4.2  -11.1  -17.2  -13.0  -21.1  -18.8  -16.8  -11.9   -6.1   -4.1   -0.5
 1973   -4.3   -3.6   -5.7  -14.5  -19.3  -17.3  -10.3  -16.1  -17.5   -6.1   -3.4   -1.7
 1974   -3.4   -0.7   -4.2  -15.7  -13.8  -14.5  -15.1  -17.7  -12.8   -7.5   -4.7   -0.6
 1975   -1.9   -4.0   -9.5  -12.3  -17.7  -16.7  -19.8  -18.9  -13.1   -3.9   -3.3   -2.3
 1976   -3.0   -2.3   -6.2  -11.9  -11.1  -13.6  -23.0  -15.4  -11.9   -1.6   -1.5   -2.1
 1977   -1.1   -2.7   -6.3  -11.5  -10.2  -12.5  -13.0  -17.5  -13.7   -6.2   -4.4   -1.7
 1978   -1.7   -1.9   -6.0   -7.9   -7.6  -20.7  -20.8  -14.8   -9.6   -5.1   -3.7   -2.7
 1979    1.5   -3.2   -4.0   -6.8   -9.7  -17.2  -13.5  -13.1   -9.1   -9.2   -4.7   -2.4
 1980   -2.2   -4.9   -7.7  -15.0  -14.0  -17.8  -20.5  -17.5  -15.3   -6.6   -8.2   -1.6
 1981   -1.1   -3.3   -6.2   -6.5  -12.2   -9.4  -11.7  -18.1  -11.6  -11.9   -4.5   -1.4
 1982    0.3   -2.6   -6.8   -9.0   -8.7   -6.8  -18.6  -11.9   -9.9 -999.9   -6.7   -2.0
 1983   -1.7   -3.9   -9.0   -7.7  -15.2  -13.7  -14.7   -6.2  -13.4   -8.1   -5.2   -0.6
 1984   -3.5   -3.7   -4.2  -11.9  -14.5  -16.1   -8.6   -9.9   -3.9   -8.7   -3.4   -1.7
 1985   -1.4   -4.4   -9.5  -12.0  -16.5  -12.1   -7.7  -12.2   -6.5   -5.9   -1.6   -1.4
 1986   -2.9   -4.6   -6.9  -11.9  -21.6  -19.7  -16.6  -18.7  -10.4   -5.6   -5.4   -1.2
 1987   -1.2   -2.3   -6.1  -16.8  -17.6  -18.7  -20.8   -9.3  -12.3   -6.7   -1.4   -0.5
 1988   -1.9   -0.8   -7.6   -9.7  -11.6  -19.9  -13.1  -14.6  -10.4   -9.3   -6.9   -2.3
 1989   -1.7   -2.0 -999.9  -16.1   -7.4  -11.3   -3.0  -10.2   -8.7   -6.4   -3.4 -999.9
 1990   -1.7    0.7   -6.2  -14.8  -17.1  -13.2  -16.4  -15.9   -6.4  -12.0   -4.8   -2.3
 1991    0.6   -4.3  -10.3  -10.7  -18.0  -15.8  -15.2  -12.8   -6.8   -9.5   -2.9   -2.6
 1992 -999.9 -999.9 -999.9 -999.9 -999.9 -999.9 -999.9 -999.9 -999.9   -9.8 -999.9 -999.9
 1993   -1.3 -999.9 -999.9 -999.9 -999.9 -999.9 -999.9 -999.9 -999.9 -999.9 -999.9 -999.9
 1994 -999.9 -999.9   -5.4  -10.9  -14.0  -16.8  -12.9 -999.9  -12.7 -999.9 -999.9 -999.9
 1995 -999.9    0.1   -6.2  -13.5  -11.1  -16.4 -999.9 -999.9 -999.9   -3.6   -5.4    0.1
 1996   -0.7   -0.8   -6.4  -10.3  -14.8  -17.0  -11.3  -11.4  -11.4   -5.4   -3.0   -1.4
 1997    0.0   -2.7   -2.9  -12.2   -6.6  -14.3 -999.9  -14.8  -15.2  -12.5   -7.8 -999.9
 1998   -0.6   -0.2   -3.8   -2.4   -6.9   -7.7  -17.3  -16.5  -13.1   -9.9   -1.8   -1.7
 1999    0.3   -1.3 -999.9   -5.1 -999.9 -999.9 -999.9 -999.9  -12.6   -2.4   -1.4    0.5
 2000   -0.9    0.5   -2.0 -999.9   -9.5   -7.9   -9.3  -17.3  -12.2   -5.5   -3.7   -2.2
 2001   -2.0 -999.9  -10.8  -14.5   -8.6  -15.2  -15.9   -8.6   -6.4   -2.3   -1.8    0.7
 2002    0.2    1.4   -5.7   -8.4  -17.0  -19.6  -14.9   -9.3   -7.3  -14.7   -4.8   -0.8
 2003   -0.9   -1.2   -2.6   -5.6  -10.9  -18.2  -16.9  -10.2   -7.8   -6.9   -7.0   -4.0
 2004   -0.6   -1.0   -5.3  -10.0   -9.5 -999.9  -11.7  -12.6   -9.4   -5.5 -999.9   -0.9
 2005   -1.2   -0.2   -5.5  -10.2  -13.6  -18.8  -16.3   -9.3   -8.7   -3.2   -1.3   -1.6
 2006    1.4    0.4   -3.4   -7.3   -6.1  -10.3  -10.9  -18.6  -13.9   -3.5   -2.7   -1.4
 2007   -0.6   -2.6   -7.0  -16.7  -13.8  -19.3  -23.2  -15.4  -11.0  -11.0   -6.6   -1.2
 2008   -0.2   -0.7   -7.7  -11.9  -11.7  -13.8  -13.2   -9.8   -1.5   -6.5   -3.2    0.7
 2009    0.2   -2.5   -3.5  -11.3  -14.1  -20.7  -19.1  -16.2  -11.6   -8.7   -4.9   -1.8
 2010   -2.2   -3.1   -8.3  -15.1  -13.7   -7.1  -10.9  -12.8   -9.9   -2.5    0.0   -3.0
 2011   -1.4   -0.1   -6.3  -16.4  -13.4  -17.2  -20.1  -12.9  -15.8   -7.1   -2.7    0.2
 2012   -0.6   -3.9   -5.1  -12.5  -12.4  -16.9  -13.0  -15.0  -12.4   -9.7   -6.8   -3.6
 2013   -2.1   -1.2   -2.5   -3.9  -16.3  -14.5  -18.7  -14.2   -9.1  -11.3   -4.4   -3.2
 2014   -1.7   -3.3   -9.3   -5.9  -12.7  -14.8   -9.9  -15.4  -10.1   -9.6   -5.7   -2.8
 2015   -0.8   -2.8   -4.9   -6.0  -11.8  -20.1  -16.0  -11.6  -16.6   -4.4   -4.5   -0.7
 2016   -1.0   -1.4   -3.4  -10.7   -4.6   -9.8   -9.1  -16.1   -1.9 -999.9   -3.0 -999.9
