# Searching for station nr 87938 in ghcnm.tavg.v3.qcu v3.3.0.20170102
# USHUAIA AERO                  (ARGENTINA)
# coordinates: -54.80N,  -68.32E,      14.0m (prob:  623m)
# WMO station code: 87938 USHUAIA_AERO                  
# tavg [Celsius] daily mean temperature (unadjusted) from GHCN-M v3.3.0.20170102
 1931   10.5    9.3    7.9    5.8    4.6    2.3    0.8    3.2    3.2    5.2    6.8    8.6
 1932    9.1    8.9    7.1    4.7    3.4    0.0   -0.6    2.2    4.5    6.4    6.7    8.0
 1933    9.7    8.7    8.6    6.0    4.4    1.8    2.2    2.3    5.3    5.2    5.5    7.2
 1934   10.7    7.7    6.8    6.7    3.3    0.8    1.6    3.9    4.4    8.0    8.1    7.1
 1935    9.0    8.0    7.3    4.6    3.9    2.0   -0.4    2.1    2.5    6.1    6.9    8.2
 1936    9.6    9.8    7.2    6.8    0.3    2.2    2.7    2.8    4.2    5.7    9.0    8.8
 1937   10.0    7.4    6.6    6.2    3.3    0.4   -0.1    0.9    4.6    5.6    7.2    8.8
 1938    8.0    8.4    7.2    6.2    4.3    1.0    1.0    1.4    1.5    5.8    6.7    8.9
 1939    8.9    7.9    7.3    5.7    2.5    0.3    1.7   -0.8    3.4    5.5    5.0    9.4
 1940    8.9   11.4    7.9    3.8    3.0    1.2    2.3    3.6    3.9    6.3    7.8    6.3
 1941    9.7    8.8    8.8    2.9    3.2    2.9    2.9    2.4    3.2    5.4    7.3    9.6
 1942    9.1    9.8    6.2    5.9    3.5    1.9    2.5    1.6    3.8    6.4    8.2   10.4
 1943    9.2    9.1    7.5    7.5    3.7    4.2    3.7    2.4    4.5    6.4    5.7    9.3
 1944    9.6    9.2    9.3    6.5    3.8   -0.2    1.7    1.8    3.8    7.0    7.8    9.1
 1945   10.7   10.6    8.2    5.2    4.5    2.4    1.6    3.3    4.2    5.9    5.9   10.2
 1946    9.8    8.1    8.6    6.6    3.5    3.1    1.7    1.0    3.6    5.2    5.8    6.6
 1947    7.3    9.3    8.5    5.2    2.5    0.6    2.9    3.3    3.8    7.1    9.1    7.0
 1948    9.3    8.1    6.6    6.1    3.3    2.3   -0.6   -0.5    3.4    6.3    5.9    8.6
 1949    9.1    8.9    7.1    5.4    2.6    1.5    2.3    2.4    4.4    7.1    6.9    8.3
 1950    8.1    9.5    8.4    4.6    1.3    0.7    1.6   -0.2    3.0    6.4    6.8    9.0
 1951    8.5    9.2    8.5 -999.9    3.1   -0.5    1.7    3.2    3.1    5.6    7.6   11.2
 1952    9.9    9.4    6.6    5.8    1.7    2.6    2.3    3.7    5.8    7.0    8.0    8.8
 1953    8.7    9.8    7.9    4.7    3.3    2.5    2.0    4.1    4.9    6.0    7.8   10.5
 1954    8.1    9.8    7.3    6.3 -999.9    3.8    1.5    1.7    3.0    7.4    8.2    8.9
 1955   10.2    9.3    7.9    6.5    5.0 -999.9 -999.9    2.1    4.7    7.2    7.6    7.9
 1956    9.0    9.1    8.0    7.0    5.4    4.5    2.1    3.8    4.1    7.0    9.6    8.5
 1957    7.5   10.6    9.3    7.5    3.6    0.9    0.9    1.6    4.1    3.5    8.8    8.2
 1958    9.7    7.1    8.7    5.8    2.2    0.6    0.8    1.4    3.6    6.8    7.3    6.7
 1959    8.6    8.0    7.6    1.8    1.7    1.5    0.9    1.8    3.9    5.2    6.6    8.4
 1960    9.7   10.0    9.5    5.0    3.7    0.5    1.8    2.2    5.1    6.1    6.8    6.8
 1961    9.1    8.5    6.4    4.1    2.8    0.9    0.7    1.5    3.7    6.2    6.8    7.8
 1962    9.8    9.1    7.4    6.5    4.1    3.1    3.2    1.9    5.3    8.2    6.9    9.2
 1963    8.1   10.8    6.7    3.4    3.6    2.7    1.6    0.8    2.6    5.5    7.7   10.4
 1964   10.1    9.4    7.6    6.0    2.7   -0.6    1.9    1.2    3.4    7.6    7.0    8.9
 1965   10.2    9.9    9.8    4.8    3.0    2.0    2.1    2.7    4.0    4.7    8.1    6.8
 1966    9.3    7.6    8.0    6.5    3.9    1.7   -0.3    3.1    2.7    5.7    7.9    8.8
 1967    9.1    9.5    7.6    5.7    3.1    2.6    1.9    1.3 -999.9 -999.9 -999.9    9.3
 1968    9.1    8.4    7.5    6.5    4.3    3.1    2.7    3.5    4.2    5.9    7.6    8.7
 1969    8.5    8.7    8.0    6.1    2.5    1.3    0.9    2.7    4.2    4.0    7.9    9.5
 1970    9.9    9.8    7.4    5.4    1.8    2.5    1.9    2.2    5.5    6.2    8.3    8.4
 1971    8.0    7.9    6.9    6.1    1.8    1.9    1.3    2.7    4.2    6.7    7.5    7.3
 1972    9.3    8.1    6.7    6.8    1.7    1.3    1.4    1.2    3.6    5.3    9.0   10.9
 1973    8.8    8.9    8.7    4.2    3.6   -0.1   -0.9    3.2    4.5    6.9    7.2    9.2
 1974    8.7   10.2    8.7    6.0    3.4    1.7    2.0    2.4    4.6    6.3    7.8    9.9
 1975   10.1    8.6    8.4    5.8    4.7    1.2    0.3    1.6    4.0    6.5    7.0    7.5
 1976    8.4   10.2    6.7    5.6    3.6    0.6    1.1    2.1    3.4    6.1    8.0    7.2
 1977    9.6    9.3    7.8    6.4    4.3    2.2   -0.7    1.1    2.5    6.0    8.4   11.1
 1978    9.8   10.2    8.8    5.8    4.1    2.6   -0.1    2.7    5.5    6.0    7.7    9.2
 1979   11.4   10.0    8.9    7.6    2.6    2.7    1.4    0.4    3.9    5.1    6.8    9.9
 1980    9.5    9.0    7.8    3.9    3.5    1.7    0.8    2.3    4.4    6.6    6.4    9.2
 1981   10.0    9.6    7.0    5.6    3.5    2.2    2.2    2.2    3.5    6.7    8.2    8.7
 1982   11.4   10.2    8.4    6.5    4.7    1.5    1.1    1.0    3.7    4.7    7.1    9.6
 1983   10.4    8.1    7.4    5.9    3.1    0.7    2.3    3.2    4.1    6.1    8.8    9.7
 1984    8.7    9.3    8.4    6.1    0.3    1.0    0.1    2.5    4.9    5.8    8.5   10.4
 1985   11.6   10.4    6.2    5.4    2.3    1.5    2.2    3.6    5.2    7.1    9.0    9.1
 1986    9.7    8.7    7.8    4.2    1.3    1.0    2.6    3.4    3.9    7.8    7.0    9.1
 1987   10.0   10.3    8.0    6.1    4.9    2.2    0.5    1.9    3.6    6.8    9.1 -999.9
 1988 -999.9 -999.9 -999.9 -999.9    4.9    3.5 -999.9    1.4    5.4    7.3    8.9 -999.9
 1989 -999.9 -999.9 -999.9 -999.9    4.9    2.1 -999.9 -999.9 -999.9 -999.9 -999.9 -999.9
 1990 -999.9 -999.9 -999.9 -999.9 -999.9    1.2 -999.9 -999.9    3.3    6.3    6.7    8.3
 1991   10.7    9.5    7.4    6.1    3.1    0.5    0.6    2.1    3.8    5.5    7.7    7.3
 1992   11.4    7.9    6.3    5.5    1.9   -0.1    1.2    3.2    4.2    6.0    8.7   10.3
 1993    8.9   10.3    8.3    4.7    4.2    0.6    2.7    3.6    4.6    7.3    8.9    8.2
 1994   10.8    8.8    8.2    6.0    2.2    0.9    0.0    3.5    3.7    4.9    9.3    9.7
 1995   11.1    9.8    6.4    7.5    4.8    0.5   -1.9   -0.1    3.2    6.9    7.9    9.7
 1996    8.9    9.2    8.3    5.4    5.3    1.8    2.8    3.3    6.0    6.3    8.1    9.2
 1997   10.4    8.1    8.7    5.1    3.5 -999.9 -999.9 -999.9    2.8 -999.9    7.7 -999.9
 1998    9.5    9.2    9.4    7.6    5.1    4.7    3.8    3.0    4.0    6.3 -999.9    8.3
 1999    9.8    9.9    8.4    7.7 -999.9    2.5    3.4 -999.9    3.5    6.5    9.3    8.5
 2000    8.6    9.4    7.6    6.4    4.6    1.9    2.6    2.9    1.8    5.6    6.6    7.4
 2001    9.1    8.2    7.4 -999.9    4.6    2.2    0.4    3.1    4.5    7.0    7.2    9.5
 2002    9.4   10.0    6.2 -999.9    1.7    0.4    1.7    3.0    4.6    4.5    6.5   10.1
 2003    8.9    9.8    8.0    6.8    5.5    1.2    3.6    3.8    4.7    5.6    6.2    8.1
 2004   10.3   11.6    9.2    6.3    4.5    3.9    2.3    3.1    3.3    6.2    8.8    9.8
 2005    9.2   12.2    8.0    5.7    3.5    0.9 -999.9    2.9    5.9    6.1    8.0    8.2
 2006   10.2 -999.9    9.2    6.0    5.6    2.5 -999.9 -999.9    3.3    7.4    7.2    8.9
 2007 -999.9    8.1    7.8    5.1    3.2    2.4 -999.9    3.8    5.3 -999.9    6.0    8.7
 2008 -999.9   10.5    9.0    4.9    3.8    2.7    2.3    1.6 -999.9    6.9    7.5    9.4
 2009 -999.9    8.7    8.5    5.9    3.1    2.8    2.0    2.3    4.7    5.1    4.5    8.8
 2010    8.9    7.7    7.8    6.7    5.4    2.5    2.3    3.2    4.4    7.1    8.9    6.6
 2011    8.8   10.1    8.8    5.0    4.6    2.7    2.1    1.5    3.7    6.6    7.9   10.3
 2012    9.5    6.7    8.9    5.7    3.6    0.8    1.8    4.5    5.2    5.3    7.7    7.0
 2013   10.3    8.9 -999.9    8.2    3.9    3.0    3.3    1.6    3.9    6.2    6.3    6.8
 2014    7.5    8.4    6.2    6.2    4.9    3.0    2.8    3.2    4.0    6.0    6.1    7.8
 2015    9.3 -999.9    9.0    6.3    3.8    1.7    1.0    2.4    2.3    6.0    7.6 -999.9
 2016    9.3    8.7    9.6    4.9    4.5    5.3    3.0    2.7    5.7    7.4    7.7 -999.9
