# Searching for station nr 89050 in ghcnm.tavg.v3.qcu v3.3.0.20170102
# BELLINGSHAUSE                 (ANTARCTICA)
# coordinates: -62.20N,  -58.93E,      16.0m (prob:   76m)
# WMO station code: 89050 BELLINGSHAUSE                 
# tavg [Celsius] daily mean temperature (unadjusted) from GHCN-M v3.3.0.20170102
 1968    1.4    0.9    0.0   -1.3   -5.5   -6.4   -4.0   -5.0   -4.0   -2.4   -0.8    0.5
 1969    0.5    0.3   -1.8   -3.8   -5.5   -9.7   -8.1   -7.1   -3.2   -5.1   -2.2    0.2
 1970    0.8    0.5   -0.4   -3.5   -7.5   -8.5   -3.8   -6.0   -1.5   -1.4   -0.8    0.4
 1971    1.6    1.0    0.7   -1.1   -6.6   -2.6   -4.5   -6.2   -4.2   -1.4   -0.3   -0.7
 1972    1.0    0.6   -0.3   -2.7   -3.2   -7.3   -5.8  -10.0   -4.5   -2.4   -1.3    1.0
 1973    0.1    1.2    0.1   -2.1   -5.8   -8.9   -6.7   -4.8   -5.8   -2.2   -0.8    0.6
 1974    1.4    2.2    1.3   -3.4   -3.8   -5.3   -5.1   -7.8   -5.0   -1.8   -1.4    1.1
 1975    1.2    1.3    0.6   -1.5   -4.7   -7.3  -11.5  -10.5   -4.6   -1.3   -1.3    0.2
 1976    1.0    1.9    0.7   -0.1   -2.6   -5.0  -10.4   -8.3   -6.2   -2.6   -0.5   -0.2
 1977    1.0    1.3    0.1   -0.6   -2.5   -4.6   -8.3   -8.2   -6.9   -3.4   -0.6    0.0
 1978    1.4    1.9    0.5   -0.9   -1.1   -5.0  -11.0   -7.8   -3.3   -2.0   -1.7    0.1
 1979    2.1    1.6    1.0   -0.4   -3.2   -5.2   -4.4   -5.9   -3.3   -3.0   -1.8    0.6
 1980    1.8    0.2   -0.1   -4.7   -3.0   -6.4  -11.8  -11.3   -8.0   -3.4   -2.8    0.1
 1981    0.8    1.8   -0.2   -1.1   -4.0   -4.5   -4.3   -9.5   -4.7   -4.4   -1.4    0.5
 1982    2.4    2.1    0.9    0.0   -1.1   -3.0   -7.2   -6.0   -4.9   -3.4   -1.9    1.1
 1983    1.5    1.2    0.5   -0.8   -3.4   -4.8   -5.3   -3.1   -4.3   -2.6   -0.5    0.8
 1984    0.9    1.6    0.8   -1.9   -6.2   -4.7   -4.2   -3.5   -1.4   -3.1   -0.5    0.2
 1985    2.2    1.9   -0.6 -999.9   -4.1   -4.4 -999.9   -3.7   -1.5   -1.6    0.1    0.9
 1986    1.1    1.0   -1.2   -1.9   -7.7   -7.3   -7.1   -7.3   -5.9   -2.8   -2.9   -0.5
 1987    0.7    1.0    0.2   -3.2   -5.7   -7.8  -13.9   -5.1   -6.8   -2.7   -0.4    0.7
 1988    1.3    2.4   -0.2   -1.4 -999.9   -7.2 -999.9   -8.9 -999.9 -999.9 -999.9 -999.9
 1989    1.3    2.2    2.0   -4.7   -1.4   -2.2   -1.0   -2.2   -3.0   -0.9 -999.9   -0.3
 1990    2.2    2.7    1.4   -4.9   -5.3   -4.9   -5.6   -5.8   -3.4   -2.4   -1.2   -0.1
 1991 -999.9 -999.9 -999.9 -999.9 -999.9 -999.9 -999.9   -7.3   -3.4   -3.7 -999.9 -999.9
 1992    2.4 -999.9   -0.9   -0.5 -999.9 -999.9 -999.9 -999.9   -2.9   -3.4   -1.0 -999.9
 1993    1.6    2.1    0.1   -1.3   -2.5   -4.2   -3.4   -4.2   -3.8   -2.4   -0.7    0.1
 1994    1.7 -999.9    0.6 -999.9 -999.9   -4.2  -10.9 -999.9   -4.0   -5.9   -0.3    0.7
 1995 -999.9 -999.9   -0.1   -1.5   -2.6   -6.9  -13.1  -11.3   -6.5   -1.9   -1.3    0.7
 1996    1.6    2.4    1.1   -1.5 -999.9   -5.1   -3.8 -999.9   -2.0 -999.9   -0.5    0.8
 1997    2.8    2.2    1.6 -999.9   -1.7   -4.8   -6.5   -5.5   -7.3   -3.2   -2.5    0.5
 1998    2.4    2.3 -999.9 -999.9   -1.8   -1.2   -5.1   -6.1   -8.0   -2.3   -0.7 -999.9
 1999 -999.9 -999.9    1.6 -999.9   -0.8   -3.7   -3.4   -5.4   -5.5   -2.0   -0.1    0.1
 2000    1.8    1.9    0.8    0.0   -1.5   -2.4   -3.6 -999.9   -6.0   -2.1   -1.4    0.1
 2001    1.3    0.4   -0.1   -3.1 -999.9   -1.8   -7.0   -3.1   -3.0   -1.3   -0.5    1.0
 2002    2.0    2.4 -999.9    0.0   -5.7   -8.9   -6.7   -4.7   -3.3   -5.8   -1.7    0.3
 2003    1.6    2.1   -0.3   -0.7   -2.6 -999.9   -5.8   -2.1   -2.9   -2.5   -2.1   -1.3
 2004    1.1    1.5    0.7   -1.9   -2.4   -2.8   -3.6   -4.5   -4.4   -2.9   -0.7    0.3
 2005    1.3 -999.9    0.0   -1.2   -3.3   -7.6   -6.1   -3.8   -2.4   -1.8   -0.8    0.0
 2006    2.7    2.4 -999.9   -0.5   -0.8   -4.0   -4.2   -8.1   -4.7   -1.5   -0.7    1.1
 2007    2.0    1.8   -0.9   -3.8   -4.6   -7.2  -11.7   -5.5   -3.4   -4.0   -2.0    0.3
 2008    1.2    1.8    0.7   -1.7   -1.9   -3.4   -3.7   -5.1   -1.3   -1.3   -0.1    1.2
 2009    2.1    1.6    1.5   -1.8   -2.9   -6.9   -8.5   -8.4   -4.5   -2.7   -2.1    0.1
 2010    0.5    0.2    0.0   -2.2   -2.4   -2.4   -4.3   -4.5   -3.2   -0.8    0.3   -0.1
 2011    1.2    2.3    0.6   -4.2   -2.8   -7.1   -9.8   -7.8   -6.1   -1.8   -0.7    0.9
 2012    1.5    0.8    0.9   -4.2   -2.9   -6.7   -5.4   -4.6   -5.7   -3.8   -2.1   -1.2
 2013    0.5    0.7    0.5 -999.9   -3.7   -4.2   -6.3   -8.1   -5.0   -2.7   -2.1   -1.4
 2014    0.1   -0.1   -0.9   -1.3   -2.9   -4.3   -3.1   -5.4   -4.5   -2.5   -2.2   -0.3
 2015    0.7    1.4    0.8   -0.8   -3.0   -7.1   -7.5   -6.0   -7.3   -2.6   -1.8   -0.4
 2016    0.3    0.5    0.6   -3.0   -2.1   -1.9   -4.3   -6.4   -1.3   -1.1   -0.7    0.5
