# Searching for station nr 89022 in ghcnm.tavg.v3.qcu v3.3.0.20170102
# HALLEY                        (ANTARCTICA)
# coordinates: -75.50N,  -26.65E,      30.0m (prob:    0m)
# WMO station code: 89022 HALLEY                        
# tavg [Celsius] daily mean temperature (unadjusted) from GHCN-M v3.3.0.20170102
 1956   -5.5  -10.4  -17.8  -20.9  -29.5  -28.6  -24.5  -30.1  -23.3  -19.6  -10.8   -3.3
 1957   -5.6   -9.7  -14.8  -19.2  -21.4  -23.4  -27.2  -32.1  -24.9  -21.2  -11.9   -5.5
 1958   -5.5   -8.6  -15.9  -24.6  -30.1  -24.5  -27.9  -28.6  -23.5  -18.4  -11.2   -8.2
 1959   -4.3   -9.1  -18.6  -20.6  -17.7  -30.8  -27.8  -27.6  -31.0  -19.5  -12.3   -4.8
 1960   -5.6  -12.4  -17.9  -19.0  -27.3  -30.8  -25.4  -24.7  -29.2  -18.9  -13.1   -6.0
 1961   -5.8  -11.4  -16.3  -22.8  -19.2  -32.6  -32.9  -31.9  -28.5  -13.9  -11.3   -5.7
 1962   -5.5   -6.2  -16.5  -19.4  -28.0  -26.9  -28.7  -31.7  -26.8  -24.5  -15.1   -6.7
 1963   -4.7  -11.3  -14.0  -22.3  -26.0  -25.5  -25.9  -19.9  -25.2  -21.9  -12.6   -5.7
 1964   -5.4   -9.9  -16.2  -25.0 -999.9  -22.4  -29.9  -33.5  -33.1  -22.8  -12.7   -6.0
 1965   -5.0  -10.2  -17.4  -22.6  -16.9  -26.8  -27.6  -30.0  -26.0  -20.1  -12.2   -6.1
 1966   -5.4   -9.4  -10.3  -16.7  -23.7  -24.9  -27.3  -29.2  -26.4  -20.2  -13.4   -5.1
 1967   -2.8   -8.4  -20.6  -21.4  -23.6  -30.6  -29.1  -27.0  -28.1  -20.1  -12.0   -4.6
 1968   -6.7  -10.4  -13.2  -23.6  -21.9  -21.2  -32.4  -29.4  -28.5  -18.4  -11.0   -6.3
 1969   -4.3   -8.1  -16.6  -14.7  -20.7  -20.7  -30.5  -29.9  -22.1  -14.1  -10.0   -4.1
 1970   -5.5  -10.7  -19.3  -21.7  -26.7  -30.0  -31.1  -34.9  -16.8  -17.9  -11.0   -3.5
 1971   -3.5   -9.3  -18.6  -17.6  -25.2  -31.8  -32.8  -25.2  -27.4  -18.6  -12.9   -4.5
 1972   -4.6   -8.4  -16.3  -20.3  -24.9  -28.7  -33.5  -29.7  -28.1  -23.0  -11.1   -4.9
 1973   -3.9  -10.4  -16.6  -18.9  -24.8  -31.7  -29.9  -36.8  -25.9  -16.9  -10.4   -6.5
 1974   -4.5  -12.1  -16.8  -21.9  -21.8  -29.9  -31.6  -21.8  -22.9  -20.8  -11.6   -4.6
 1975   -4.3  -10.1  -11.9  -21.1  -17.9  -23.9  -24.2  -29.9  -26.2  -14.7  -10.4   -4.2
 1976   -4.3   -8.7  -18.4  -20.0  -24.5  -25.8  -26.4  -26.4  -23.6  -18.0  -10.9   -4.3
 1977   -3.4   -9.2  -16.6  -16.0  -16.3  -21.6  -29.8  -26.4  -28.4  -19.3  -11.6   -6.7
 1978   -5.6   -8.7  -15.4  -15.6  -21.2  -24.5  -28.7  -25.0  -26.6  -17.3  -12.4   -5.2
 1979   -3.4  -10.3  -18.9  -17.2  -26.3  -23.9  -34.3  -29.2  -26.7  -19.8  -11.8   -4.6
 1980   -5.6   -9.2  -14.6  -20.3  -27.7  -24.7  -31.5  -27.3  -26.3  -22.1   -9.1   -5.6
 1981   -3.7   -8.7  -16.2  -17.2  -26.4  -25.9  -24.7  -25.1  -26.2  -18.7  -10.6   -4.8
 1982   -3.9   -8.0  -21.7  -18.9  -25.4  -26.4  -24.7  -28.7  -21.3  -17.1  -10.2   -4.4
 1983   -4.5   -8.7  -15.2  -24.6  -21.6  -27.8  -29.8  -24.8  -26.7  -20.3  -13.1   -6.5
 1984   -3.4  -10.7  -14.8  -21.7  -20.5  -31.3  -24.1  -24.3  -26.5  -22.2  -12.7   -4.7
 1985   -5.0  -12.2  -13.8  -23.2  -27.6  -28.1  -22.6  -23.9  -25.3  -21.3  -16.0   -5.9
 1986   -5.2   -6.9  -14.7  -22.4  -29.1  -30.4  -26.6  -24.6  -27.8  -24.2  -11.2   -5.6
 1987   -3.8   -9.3  -15.3  -19.0  -28.6  -25.8  -23.1  -29.5  -24.6  -23.0  -10.0   -4.2
 1988   -3.2  -10.3  -11.7  -19.0  -23.2  -26.1  -30.7  -28.7  -29.4  -20.0  -10.9   -4.5
 1989   -3.3   -8.8  -14.6  -20.9  -24.3  -22.8  -27.8  -32.6  -24.1  -19.5  -10.1   -4.7
 1990   -3.4  -11.3  -15.9  -22.4  -28.4  -22.6  -28.7  -25.7  -27.7  -16.5   -8.4   -4.0
 1991   -4.8   -9.0  -20.6  -24.4  -26.3  -22.1  -27.2  -27.1  -23.3  -20.8  -10.1   -3.8
 1992 -999.9 -999.9 -999.9  -24.3 -999.9 -999.9  -28.1 -999.9  -27.0 -999.9  -11.3   -4.1
 1993   -5.4  -12.0  -13.6  -20.5 -999.9  -29.0  -31.9  -28.0  -31.4  -18.6  -10.0   -5.2
 1994   -5.1   -9.2  -21.6  -25.6  -28.3  -26.1  -35.3  -32.5  -25.0 -999.9 -999.9 -999.9
 1995 -999.9 -999.9 -999.9  -25.5 -999.9 -999.9 -999.9 -999.9  -29.6  -18.6 -999.9 -999.9
 1996 -999.9 -999.9 -999.9  -25.8  -22.8  -30.7  -24.1  -23.1  -28.0  -17.7 -999.9   -3.7
 1997   -3.9  -15.4  -17.5  -28.2  -28.3  -31.1  -31.6  -32.4  -28.5  -22.4   -9.8   -5.6
 1998 -999.9  -10.5 -999.9  -23.7  -27.6 -999.9  -26.9  -27.2  -28.2  -22.0  -11.5   -4.7
 1999   -4.6   -9.7  -20.3  -20.8  -25.2  -29.7  -28.0  -25.9  -27.1  -17.9  -13.1   -7.2
 2000   -6.4  -11.4  -18.1  -23.4  -29.4  -27.7  -31.6  -35.0  -23.4  -24.7  -11.6   -6.3
 2001   -5.6  -11.6  -20.0  -26.0  -26.6  -24.9  -29.7  -26.7  -23.6  -18.6  -10.2   -4.1
 2002   -4.5  -10.9  -18.3  -23.1  -24.9  -25.9  -31.1  -21.9 -999.9  -17.6  -13.7   -6.4
 2003   -4.2   -6.7 -999.9  -24.4  -22.8  -32.9  -35.2  -26.9  -26.3  -21.1  -12.4   -5.6
 2004   -5.2  -10.7  -17.0  -26.1  -24.6  -29.1  -30.4  -31.8  -21.5  -19.0  -14.1   -5.6
 2005   -4.4  -11.1  -14.9  -20.1  -30.4  -30.8  -29.0  -24.9  -29.1  -20.0  -13.7   -4.2
 2006   -4.5  -11.9  -12.5  -22.9  -25.8  -28.4  -24.7  -29.6  -26.8  -21.9   -9.2   -5.7
 2007   -3.7  -10.6  -16.6  -29.1  -27.4  -30.3  -27.6  -29.9  -27.9  -20.5  -11.6   -5.5
 2008   -6.5  -11.6  -18.3  -19.4  -20.7  -30.0  -23.8  -24.9  -26.5  -23.3  -11.2   -7.1
 2009   -5.1  -11.8  -18.5  -22.2  -25.3  -24.7  -27.4  -31.1  -28.6  -16.1  -10.1   -5.1
 2010   -3.6  -10.0  -15.3  -19.4  -21.4  -25.7  -28.8  -27.4  -20.9  -16.1  -10.4   -4.9
 2011   -3.5   -7.6  -17.1  -21.3  -23.6  -30.2  -30.9  -30.1  -27.7  -21.3  -11.2   -6.6
 2012   -6.6   -8.9  -16.8  -27.3  -26.2  -21.6  -32.8  -33.0  -28.1  -16.1  -10.5   -4.9
 2013   -4.8  -11.3  -20.0  -19.6  -27.7  -17.5  -26.4  -29.1  -24.8  -20.9   -9.0   -5.3
 2014   -4.6  -12.7  -18.9  -23.2  -24.9  -29.0  -27.3  -30.3  -26.8  -21.0  -10.7   -5.7
 2015   -6.0   -9.5  -17.9  -22.5  -25.9  -32.1  -25.6  -29.0  -28.2  -20.0  -11.2   -5.7
 2016   -6.4  -10.7  -15.4  -20.5  -26.7  -34.3  -27.3  -26.5  -24.5  -21.8  -10.1 -999.9
